10
0
3

0	-12	0	0	0	0	0	0	0	0	
0	0	0	0	-4	0	0	-22	-22	0	
-10	0	0	0	0	0	0	0	0	0	
0	0	0	-14	0	0	0	0	0	-24	
0	0	0	0	0	-2	0	-20	0	0	
0	0	0	0	0	0	0	0	0	0	
0	-6	0	0	-16	0	0	0	0	-26	
0	0	0	0	0	0	0	0	0	0	
0	-8	0	0	0	-18	0	0	0	0	
0	0	0	0	0	0	0	0	0	0	

0 0	-12 0	0 0	0 0	0 0	0 0	0 0	0 0	0 0	0 0	
0 0	0 0	0 0	0 0	-4 0	0 0	0 0	-22 0	-22 0	0 0	
-10 0	0 0	0 0	0 0	0 0	0 0	0 0	0 0	0 0	0 0	
0 0	0 0	0 0	-14 0	0 0	0 0	0 0	0 0	0 0	-24 0	
0 0	0 0	0 0	0 0	0 0	-2 0	0 0	-20 0	0 0	0 0	
0 0	0 0	0 0	0 0	0 0	0 0	0 0	0 0	0 0	0 0	
0 0	-6 0	0 0	0 0	-16 0	0 0	0 0	0 0	0 0	-26 0	
0 0	0 0	0 0	0 0	0 0	0 0	0 0	0 0	0 0	0 0	
0 0	-8 0	0 0	0 0	0 0	-18 0	0 0	0 0	0 0	0 0	
0 0	0 0	0 0	0 0	0 0	0 0	0 0	0 0	0 0	0 0	

0	0	0	0	0	0	0	0	0	0	
0	-16	0	0	0	2	2	2	-18	0	
0	0	0	-6	0	2	4	2	0	0	
-26	0	0	0	0	2	2	2	0	0	
0	0	-14	0	0	0	0	0	0	0	
-24	0	0	0	0	-12	0	0	-2	0	
0	0	-8	0	0	0	0	0	0	0	
-22	0	0	0	0	0	0	0	0	0	
-22	0	0	0	-10	0	0	0	-20	0	
0	0	0	0	0	0	0	0	0	0	

0 0	0 0	0 0	0 0	0 0	0 0	0 0	0 0	0 0	0 0	
0 0	-16 0	0 0	0 0	0 0	2 1	2 1	2 1	-18 0	0 0	
0 0	0 0	0 0	-6 0	0 0	2 1	4 1	2 1	0 0	0 0	
-26 0	0 0	0 0	0 0	0 0	2 1	2 1	2 1	0 0	0 0	
0 0	0 0	-14 0	0 0	0 0	0 0	0 0	0 0	0 0	0 0	
-24 0	0 0	0 0	0 0	0 0	-12 0	0 0	0 0	-2 0	0 0	
0 0	0 0	-8 0	0 0	0 0	0 0	0 0	0 0	0 0	0 0	
-22 0	0 0	0 0	0 0	0 0	0 0	0 0	0 0	0 0	0 0	
-22 0	0 0	0 0	0 0	-10 0	0 0	0 0	0 0	-20 0	0 0	
0 0	0 0	0 0	0 0	0 0	0 0	0 0	0 0	0 0	0 0	
