10
1
0

0	-14	0	0	0	2	0	0	0	-2	
0	0	0	2	0	-10	2	0	0	0	
0	2	0	0	0	0	0	2	0	0	
0	0	-8	2	2	2	-26	0	-24	0	
-16	0	0	2	4	2	2	0	0	0	
0	0	0	2	2	2	-12	2	0	0	
2	2	0	2	0	0	2	0	0	-4	
4	2	2	-6	0	0	0	2	0	0	
2	2	0	0	0	0	2	2	-22	0	
0	2	0	0	0	0	-20	0	0	0	

0 0	-14 0	0 0	0 0	0 0	2 1	0 0	0 0	0 0	-2 0	
0 0	0 0	0 0	2 1	0 0	-10 0	2 1	0 0	0 0	0 0	
0 0	2 1	0 0	0 0	0 0	0 0	0 0	2 1	0 0	0 0	
0 0	0 0	-8 0	2 1	2 1	2 1	-26 0	0 0	-24 0	0 0	
-16 0	0 0	0 0	2 1	4 1	2 1	2 1	0 0	0 0	0 0	
0 0	0 0	0 0	2 1	2 1	2 1	-12 0	2 1	0 0	0 0	
2 1	2 1	0 0	2 1	0 0	0 0	2 1	0 0	0 0	-4 0	
4 1	2 1	2 1	-6 0	0 0	0 0	0 0	2 1	0 0	0 0	
2 1	2 1	0 0	0 0	0 0	0 0	2 1	2 1	-22 0	0 0	
0 0	2 1	0 0	0 0	0 0	0 0	-20 0	0 0	0 0	0 0	

0	2	4	2	0	2	-18	2	0	0	
0	2	2	2	2	2	2	2	0	0	
2	2	2	-24	2	2	2	2	2	-28	
-4	2	2	2	2	2	-14	2	0	0	
2	2	0	2	2	2	2	2	2	0	
2	2	0	2	4	2	2	-8	2	2	
-12	2	0	2	2	2	2	2	2	-20	
2	2	2	2	2	2	2	-6	2	2	
-2	2	4	2	-10	2	2	2	2	0	
2	2	2	2	2	2	0	0	0	0	

0 0	2 1	4 1	2 1	0 0	0 0	-18 0	0 0	0 0	0 0	
0 0	2 1	2 1	2 1	0 0	0 0	0 0	0 0	0 0	0 0	
0 0	0 0	2 1	-24 0	2 1	0 0	2 1	0 0	2 1	-28 0	
-4 0	0 0	0 0	0 0	0 0	0 0	-14 0	0 0	0 0	0 0	
2 1	2 1	0 0	2 1	2 1	2 1	0 0	0 0	0 0	0 0	
0 0	0 0	0 0	2 1	4 1	2 1	0 0	-8 0	2 1	0 0	
-12 0	0 0	0 0	2 1	2 1	2 1	2 1	0 0	0 0	-20 0	
0 0	2 1	2 1	2 1	2 1	0 0	0 0	-6 0	0 0	0 0	
-2 0	2 1	4 1	2 1	-10 0	2 1	0 0	2 1	2 1	0 0	
0 0	2 1	2 1	2 1	0 0	0 0	0 0	0 0	0 0	0 0	
